6.00000x + 0.00000y = 9.00000
-3.00000x + 5.19600y = -0.00040
(1.50000, 0.86597)
ANG[0] = 120.00291
ANG[1] = 119.99854
ANG[2] = 119.99854
3: (1.00002, 1.00000) (0.99999, 1.00000) (0.99999, 1.00000) 
4: (1.33337, 1.00000) (1.33332, 1.00000) (1.33332, 1.00000) 
5: (1.66671, 2.00000) (1.66665, 2.00000) (1.66665, 2.00000) 
6: (2.00005, 2.00000) (1.99998, 2.00000) (1.99998, 2.00000) 
7: (2.33339, 2.00000) (2.33331, 2.00000) (2.33331, 2.00000) 
8: (2.66673, 3.00000) (2.66663, 3.00000) (2.66663, 3.00000) 
9: (3.00007, 3.00000) (2.99996, 3.00000) (2.99996, 3.00000) 
10: (3.33341, 3.00000) (3.33329, 3.00000) (3.33329, 3.00000) 
11: (3.66676, 4.00000) (3.66662, 4.00000) (3.66662, 4.00000) 
12: (4.00010, 4.00000) (3.99995, 4.00000) (3.99995, 4.00000) 
13: (4.33344, 4.00000) (4.33328, 4.00000) (4.33328, 4.00000) 
14: (4.66678, 5.00000) (4.66661, 5.00000) (4.66661, 5.00000) 
15: (5.00012, 5.00000) (4.99994, 5.00000) (4.99994, 5.00000) 
16: (5.33346, 5.00000) (5.33327, 5.00000) (5.33327, 5.00000) 
17: (5.66680, 6.00000) (5.66660, 6.00000) (5.66660, 6.00000) 
18: (6.00015, 6.00000) (5.99993, 6.00000) (5.99993, 6.00000) 
19: (6.33349, 6.00000) (6.33326, 6.00000) (6.33326, 6.00000) 
20: (6.66683, 7.00000) (6.66659, 7.00000) (6.66659, 7.00000) 
21: (7.00017, 7.00000) (6.99992, 7.00000) (6.99992, 7.00000) 
22: (7.33351, 7.00000) (7.33324, 7.00000) (7.33324, 7.00000) 
23: (7.66685, 8.00000) (7.66657, 8.00000) (7.66657, 8.00000) 
24: (8.00019, 8.00000) (7.99990, 8.00000) (7.99990, 8.00000) 
25: (8.33354, 8.00000) (8.33323, 8.00000) (8.33323, 8.00000) 
26: (8.66688, 9.00000) (8.66656, 9.00000) (8.66656, 9.00000) 
27: (9.00022, 9.00000) (8.99989, 9.00000) (8.99989, 9.00000) 
28: (9.33356, 9.00000) (9.33322, 9.00000) (9.33322, 9.00000) 
29: (9.66690, 10.00000) (9.66655, 10.00000) (9.66655, 10.00000) 
30: (10.00024, 10.00000) (9.99988, 10.00000) (9.99988, 10.00000) 
31: (10.33358, 10.00000) (10.33321, 10.00000) (10.33321, 10.00000) 
32: (10.66693, 11.00000) (10.66654, 11.00000) (10.66654, 11.00000) 
33: (11.00027, 11.00000) (10.99987, 11.00000) (10.99987, 11.00000) 
34: (11.33361, 11.00000) (11.33320, 11.00000) (11.33320, 11.00000) 
35: (11.66695, 12.00000) (11.66653, 12.00000) (11.66653, 12.00000) 
36: (12.00029, 12.00000) (11.99985, 12.00000) (11.99985, 12.00000) 
37: (12.33363, 12.00000) (12.33318, 12.00000) (12.33318, 12.00000) 
38: (12.66697, 13.00000) (12.66651, 13.00000) (12.66651, 13.00000) 
39: (13.00032, 13.00000) (12.99984, 13.00000) (12.99984, 13.00000) 
40: (13.33366, 13.00000) (13.33317, 13.00000) (13.33317, 13.00000) 
41: (13.66700, 14.00000) (13.66650, 14.00000) (13.66650, 14.00000) 
42: (14.00034, 14.00000) (13.99983, 14.00000) (13.99983, 14.00000) 
43: (14.33368, 14.00000) (14.33316, 14.00000) (14.33316, 14.00000) 
44: (14.66702, 15.00000) (14.66649, 15.00000) (14.66649, 15.00000) 
45: (15.00036, 15.00000) (14.99982, 15.00000) (14.99982, 15.00000) 
46: (15.33371, 15.00000) (15.33315, 15.00000) (15.33315, 15.00000) 
47: (15.66705, 16.00000) (15.66648, 16.00000) (15.66648, 16.00000) 
48: (16.00039, 16.00000) (15.99981, 16.00000) (15.99981, 16.00000) 
49: (16.33373, 16.00000) (16.33314, 16.00000) (16.33314, 16.00000) 
50: (16.66707, 17.00000) (16.66646, 17.00000) (16.66646, 17.00000) 
51: (17.00041, 17.00000) (16.99979, 17.00000) (16.99979, 17.00000) 
52: (17.33375, 17.00000) (17.33312, 17.00000) (17.33312, 17.00000) 
53: (17.66710, 18.00000) (17.66645, 18.00000) (17.66645, 18.00000) 
54: (18.00044, 18.00000) (17.99978, 18.00000) (17.99978, 18.00000) 
55: (18.33378, 18.00000) (18.33311, 18.00000) (18.33311, 18.00000) 
56: (18.66712, 19.00000) (18.66644, 19.00000) (18.66644, 19.00000) 
57: (19.00046, 19.00000) (18.99977, 19.00000) (18.99977, 19.00000) 
58: (19.33380, 19.00000) (19.33310, 19.00000) (19.33310, 19.00000) 
59: (19.66714, 20.00000) (19.66643, 20.00000) (19.66643, 20.00000) 
60: (20.00049, 20.00000) (19.99976, 20.00000) (19.99976, 20.00000) 
61: (20.33383, 20.00000) (20.33309, 20.00000) (20.33309, 20.00000) 
62: (20.66717, 21.00000) (20.66642, 21.00000) (20.66642, 21.00000) 
63: (21.00051, 21.00000) (20.99975, 21.00000) (20.99975, 21.00000) 
64: (21.33385, 21.00000) (21.33307, 21.00000) (21.33307, 21.00000) 
65: (21.66719, 22.00000) (21.66640, 22.00000) (21.66640, 22.00000) 
66: (22.00053, 22.00000) (21.99973, 22.00000) (21.99973, 22.00000) 
67: (22.33388, 22.00000) (22.33306, 22.00000) (22.33306, 22.00000) 
68: (22.66722, 23.00000) (22.66639, 23.00000) (22.66639, 23.00000) 
69: (23.00056, 23.00000) (22.99972, 23.00000) (22.99972, 23.00000) 
70: (23.33390, 23.00000) (23.33305, 23.00000) (23.33305, 23.00000) 
71: (23.66724, 24.00000) (23.66638, 24.00000) (23.66638, 24.00000) 
72: (24.00058, 24.00000) (23.99971, 24.00000) (23.99971, 24.00000) 
73: (24.33392, 24.00000) (24.33304, 24.00000) (24.33304, 24.00000) 
74: (24.66727, 25.00000) (24.66637, 25.00000) (24.66637, 25.00000) 
75: (25.00061, 25.00000) (24.99970, 25.00000) (24.99970, 25.00000) 
76: (25.33395, 25.00000) (25.33303, 25.00000) (25.33303, 25.00000) 
77: (25.66729, 26.00000) (25.66636, 26.00000) (25.66636, 26.00000) 
78: (26.00063, 26.00000) (25.99968, 26.00000) (25.99968, 26.00000) 
79: (26.33397, 26.00000) (26.33301, 26.00000) (26.33301, 26.00000) 
80: (26.66731, 27.00000) (26.66634, 27.00000) (26.66634, 27.00000) 
81: (27.00066, 27.00000) (26.99967, 27.00000) (26.99967, 27.00000) 
82: (27.33400, 27.00000) (27.33300, 27.00000) (27.33300, 27.00000) 
83: (27.66734, 28.00000) (27.66633, 28.00000) (27.66633, 28.00000) 
84: (28.00068, 28.00000) (27.99966, 28.00000) (27.99966, 28.00000) 
85: (28.33402, 28.00000) (28.33299, 28.00000) (28.33299, 28.00000) 
86: (28.66736, 29.00000) (28.66632, 29.00000) (28.66632, 29.00000) 
87: (29.00070, 29.00000) (28.99965, 29.00000) (28.99965, 29.00000) 
88: (29.33404, 29.00000) (29.33298, 29.00000) (29.33298, 29.00000) 
89: (29.66739, 30.00000) (29.66631, 30.00000) (29.66631, 30.00000) 
90: (30.00073, 30.00000) (29.99964, 30.00000) (29.99964, 30.00000) 
91: (30.33407, 30.00000) (30.33297, 30.00000) (30.33297, 30.00000) 
92: (30.66741, 31.00000) (30.66629, 31.00000) (30.66629, 31.00000) 
93: (31.00075, 31.00000) (30.99962, 31.00000) (30.99962, 31.00000) 
94: (31.33409, 31.00000) (31.33295, 31.00000) (31.33295, 31.00000) 
95: (31.66743, 32.00000) (31.66628, 32.00000) (31.66628, 32.00000) 
96: (32.00078, 32.00000) (31.99961, 32.00000) (31.99961, 32.00000) 
97: (32.33412, 32.00000) (32.33294, 32.00000) (32.33294, 32.00000) 
98: (32.66746, 33.00000) (32.66627, 33.00000) (32.66627, 33.00000) 
99: (33.00080, 33.00000) (32.99960, 33.00000) (32.99960, 33.00000) 
100: (33.33414, 33.00000) (33.33293, 33.00000) (33.33293, 33.00000) 
1000000000000000000.00000000000000000000
